-180.0   18.6883015691
-178.0   18.1349671
-176.0   17.9060565891
-174.0   17.9586183201
-172.0   18.2497005771
-170.0   18.7363516437
-168.0   19.3756198039
-166.0   20.1245533415
-164.0   20.9402005404
-162.0   21.7796096844
-160.0   22.5998290574
-158.0   23.3579069432
-156.0   24.0108916256
-154.0   24.5158313886
-152.0   24.8297745159
-150.0   24.9097692915
-148.0   24.7258898322
-146.0   24.3003135867
-144.0   23.6682438371
-142.0   22.8648838651
-140.0   21.9254369526
-138.0   20.8851063815
-136.0   19.7790954337
-134.0   18.6426073909
-132.0   17.5108455352
-130.0   16.4190131482
-128.0   15.3968275277
-126.0   14.452062035
-124.0   13.587004047
-122.0   12.8039409408
-120.0   12.1051600933
-118.0   11.4929488817
-116.0   10.9695946829
-114.0   10.5373848739
-112.0   10.1986068318
-110.0   9.95554793366
-108.0   9.79923323458
-106.0   9.67563850241
-104.0   9.51947718316
-102.0   9.26546272281
-100.0   8.84830856735
-98.0   8.24769480087
-96.0   7.62316805993
-94.0   7.17924161918
-92.0   7.12042875327
-90.0   7.65124273685
-88.0   8.91387855533
-86.0   10.8012580371
-84.0   13.1439847213
-82.0   15.7726621471
-80.0   18.5178938537
-78.0   21.2336271059
-76.0   23.8671840714
-74.0   26.3892306437
-72.0   28.7704327162
-70.0   30.9814561823
-68.0   33.0004857366
-66.0   34.8357812775
-64.0   36.5031215048
-62.0   38.0182851179
-60.0   39.3970508166
-58.0   40.6538997793
-56.0   41.7981230996
-54.0   42.8377143504
-52.0   43.7806671042
-50.0   44.6349749336
-48.0   45.4086314112
-46.0   46.1096301097
-44.0   46.7459646017
-42.0   47.3256284598
-40.0   47.8566152567
-38.0   48.3458389637
-36.0   48.7958951473
-34.0   49.2082997728
-32.0   49.5845688055
-30.0   49.9262182106
-28.0   50.2347639535
-26.0   50.5117219993
-24.0   50.7586083133
-22.0   50.9769388609
-20.0   51.1682296072
-18.0   51.3339965175
-16.0   51.4757555572
-14.0   51.5950226914
-12.0   51.6933138855
-10.0   51.7721451047
-8.0   51.8330323142
-6.0   51.8774914794
-4.0   51.9070385655
-2.0   51.9231895378
0.0   51.9274603615
2.0   51.9231895378
4.0   51.9070385655
6.0   51.8774914794
8.0   51.8330323142
10.0   51.7721451047
12.0   51.6933138855
14.0   51.5950226914
16.0   51.4757555572
18.0   51.3339965175
20.0   51.1682296072
22.0   50.9769388609
24.0   50.7586083133
26.0   50.5117219993
28.0   50.2347639535
30.0   49.9262182106
32.0   49.5845688055
34.0   49.2082997728
36.0   48.7958951473
38.0   48.3458389637
40.0   47.8566152567
42.0   47.3256284598
44.0   46.7459646017
46.0   46.1096301097
48.0   45.4086314112
50.0   44.6349749336
52.0   43.7806671042
54.0   42.8377143504
56.0   41.7981230996
58.0   40.6538997793
60.0   39.3970508166
62.0   38.0182851179
64.0   36.5031215048
66.0   34.8357812775
68.0   33.0004857366
70.0   30.9814561823
72.0   28.7704327162
74.0   26.3892306437
76.0   23.8671840714
78.0   21.2336271059
80.0   18.5178938537
82.0   15.7726621471
84.0   13.1439847213
86.0   10.8012580371
88.0   8.91387855533
90.0   7.65124273685
92.0   7.12042875327
94.0   7.17924161918
96.0   7.62316805993
98.0   8.24769480087
100.0   8.84830856735
102.0   9.26546272281
104.0   9.51947718316
106.0   9.67563850241
108.0   9.79923323458
110.0   9.95554793366
112.0   10.1986068318
114.0   10.5373848739
116.0   10.9695946829
118.0   11.4929488817
120.0   12.1051600933
122.0   12.8039409408
124.0   13.587004047
126.0   14.452062035
128.0   15.3968275277
130.0   16.4190131482
132.0   17.5108455352
134.0   18.6426073909
136.0   19.7790954337
138.0   20.8851063815
140.0   21.9254369526
142.0   22.8648838651
144.0   23.6682438371
146.0   24.3003135867
148.0   24.7258898322
150.0   24.9097692915
152.0   24.8297745159
154.0   24.5158313886
156.0   24.0108916256
158.0   23.3579069432
160.0   22.5998290574
162.0   21.7796096844
164.0   20.9402005404
166.0   20.1245533415
168.0   19.3756198039
170.0   18.7363516437
172.0   18.2497005771
174.0   17.9586183201
176.0   17.9060565891
178.0   18.1349671
180.0   18.6883015691
