-180.0   107.50580131
-178.0   107.517464952
-176.0   107.472630288
-174.0   107.372370917
-172.0   107.21776044
-170.0   107.009872458
-168.0   106.749780571
-166.0   106.43855838
-164.0   106.077279485
-162.0   105.667017488
-160.0   105.208845988
-158.0   104.703838586
-156.0   104.153068883
-154.0   103.557610479
-152.0   102.918536975
-150.0   102.236921972
-148.0   101.51383907
-146.0   100.750361869
-144.0   99.9475639709
-142.0   99.1065189754
-140.0   98.2283004834
-138.0   97.3139820952
-136.0   96.3646374117
-134.0   95.3806591573
-132.0   94.3467799079
-130.0   93.232072091
-128.0   92.0049272578
-126.0   90.6337369598
-124.0   89.0868927482
-122.0   87.3327861744
-120.0   85.3398087898
-118.0   83.0921241887
-116.0   80.6369841378
-114.0   78.037412447
-112.0   75.356432926
-110.0   72.6570693846
-108.0   70.0023456327
-106.0   67.4552854799
-104.0   65.0784292256
-102.0   62.9231964265
-100.0   61.029885897
-98.0   59.4383129409
-96.0   58.188292862
-94.0   57.3196409642
-92.0   56.8721725512
-90.0   56.8857029268
-88.0   57.3868326432
-86.0   58.3493032453
-84.0   59.7336415264
-82.0   61.5003742797
-80.0   63.6100282986
-78.0   66.0231303762
-76.0   68.7002073058
-74.0   71.6012444042
-72.0   74.6737730259
-70.0   77.8528705641
-68.0   81.0730729348
-66.0   84.2689160544
-64.0   87.3749358392
-62.0   90.3256682054
-60.0   93.0556490694
-58.0   95.5147033679
-56.0   97.7138121199
-54.0   99.6792453649
-52.0   101.437273142
-50.0   103.014165492
-48.0   104.436192452
-46.0   105.729624064
-44.0   106.920245284
-42.0   108.022684179
-40.0   109.040411929
-38.0   109.976414629
-36.0   110.833678376
-34.0   111.615189264
-32.0   112.323933391
-30.0   112.962896852
-28.0   113.535065744
-26.0   114.043426162
-24.0   114.490964203
-22.0   114.880665962
-20.0   115.215517536
-18.0   115.498505021
-16.0   115.732614512
-14.0   115.920832106
-12.0   116.066143899
-10.0   116.171535986
-8.0   116.239994465
-6.0   116.27450543
-4.0   116.278054979
-2.0   116.253629206
0.0   116.204214209
2.0   116.253629206
4.0   116.278054979
6.0   116.27450543
8.0   116.239994465
10.0   116.171535986
12.0   116.066143899
14.0   115.920832106
16.0   115.732614512
18.0   115.498505021
20.0   115.215517536
22.0   114.880665962
24.0   114.490964203
26.0   114.043426162
28.0   113.535065744
30.0   112.962896852
32.0   112.323933391
34.0   111.615189264
36.0   110.833678376
38.0   109.976414629
40.0   109.040411929
42.0   108.022684179
44.0   106.920245284
46.0   105.729624064
48.0   104.436192452
50.0   103.014165492
52.0   101.437273142
54.0   99.6792453649
56.0   97.7138121199
58.0   95.5147033679
60.0   93.0556490694
62.0   90.3256682054
64.0   87.3749358392
66.0   84.2689160544
68.0   81.0730729348
70.0   77.8528705641
72.0   74.6737730259
74.0   71.6012444042
76.0   68.7002073058
78.0   66.0231303762
80.0   63.6100282986
82.0   61.5003742797
84.0   59.7336415264
86.0   58.3493032453
88.0   57.3868326432
90.0   56.8857029268
92.0   56.8721725512
94.0   57.3196409642
96.0   58.188292862
98.0   59.4383129409
100.0   61.029885897
102.0   62.9231964265
104.0   65.0784292256
106.0   67.4552854799
108.0   70.0023456327
110.0   72.6570693846
112.0   75.356432926
114.0   78.037412447
116.0   80.6369841378
118.0   83.0921241887
120.0   85.3398087898
122.0   87.3327861744
124.0   89.0868927482
126.0   90.6337369598
128.0   92.0049272578
130.0   93.232072091
132.0   94.3467799079
134.0   95.3806591573
136.0   96.3646374117
138.0   97.3139820952
140.0   98.2283004834
142.0   99.1065189754
144.0   99.9475639709
146.0   100.750361869
148.0   101.51383907
150.0   102.236921972
152.0   102.918536975
154.0   103.557610479
156.0   104.153068883
158.0   104.703838586
160.0   105.208845988
162.0   105.667017488
164.0   106.077279485
166.0   106.43855838
168.0   106.749780571
170.0   107.009872458
172.0   107.21776044
174.0   107.372370917
176.0   107.472630288
178.0   107.517464952
180.0   107.50580131
