EQM
Y88 - 898.04 keV
      0.00000000       115.55190       3.7463832
       10.000000       115.50010       3.6522598
       15.000000       115.91805       3.6654467
       20.000000       112.30622       3.5516851
       30.000000       112.07479       3.5445386
       45.000000       105.45053       3.3359442
       60.000000       93.314243       2.9545290
       65.000000       87.453892       2.7689713
       70.000000       78.195143       2.4772967
       75.000000       68.266302       2.1652498
       80.000000       61.442033       1.9490183
       85.000000       57.734392       1.8333010
       90.000000       56.270042       1.7853963
       95.000000       58.106808       1.8436245
       100.00000       61.004680       1.9353539
       105.00000       67.261970       2.1333945
       110.00000       74.164719       2.3501006
       115.00000       80.197982       2.5407948
       120.00000       86.266813       2.7324591
       135.00000       95.840677       3.0337158
       150.00000       102.18368       3.2357203
       165.00000       106.35692       3.3642558
       180.00000       107.45559       3.3989089
       195.00000       106.47087       3.3692969
       210.00000       101.91176       3.2258036
       225.00000       96.049536       3.0419827
       240.00000       85.434720       2.7053674
       255.00000       66.053097       2.0948308
       270.00000       57.035831       1.8101251
       285.00000       69.737383       2.2119445
       300.00000       93.628881       2.9633321
       315.00000       105.72443       3.3444181
       330.00000       113.03815       3.5748938
       340.00000       115.54343       3.6537201
       345.00000       116.06731       3.6701821
       350.00000       116.12748       3.6731661
Y88 - 1836.06 keV
      0.00000000       99.957511       3.3193506
       10.000000       101.53145       3.2728374
       15.000000       100.61119       3.2309595
       20.000000       102.13985       3.2910341
       30.000000       97.267318       3.1409050
       45.000000       91.827024       2.9728729
       60.000000       82.992577       2.6855475
       65.000000       79.800754       2.5994363
       70.000000       74.244945       2.4290844
       75.000000       68.191977       2.2469030
       80.000000       63.060800       2.0888289
       85.000000       60.337917       2.0028163
       90.000000       59.715983       1.9852565
       95.000000       59.084431       1.9704510
       100.00000       63.846301       2.1119551
       105.00000       67.764592       2.2312705
       110.00000       72.047628       2.3630113
       115.00000       76.212519       2.4903488
       120.00000       80.582148       2.6246056
       135.00000       86.343892       2.8036682
       150.00000       91.529914       2.9630051
       165.00000       95.572701       3.0884773
       180.00000       96.703842       3.1227508
       195.00000       95.688579       3.0904689
       210.00000       95.831588       3.0896060
       225.00000       85.426912       2.7723812
       240.00000       80.085036       2.6077656
       255.00000       67.142727       2.2102755
       270.00000       60.135842       1.9941851
       285.00000       68.642631       2.2604862
       300.00000       84.042456       2.7291900
       315.00000       91.036101       2.9569191
       330.00000       98.529691       3.1781854
       340.00000       100.70746       3.2525269
       345.00000       100.84795       3.2499738
       350.00000       102.11856       3.2909118
