     -90.0000000000000000       3.3997885614173136       0.1216693252411275
     -80.0000000000000000       6.7855204948618297       0.2371756177074784
     -70.0000000000000000       9.4823795579316474       0.3299066429797253
     -60.0000000000000000      10.7678263816900000       0.3741921698131083
     -50.0000000000000000      11.4324847044959040       0.3970995350441191
     -40.0000000000000000      11.8404047209812990       0.4111550762339523
     -30.0000000000000000      11.9451888425979840       0.4147684519628455
     -20.0000000000000000      12.0623460788299540       0.4187998527586780
     -10.0000000000000000      12.0902868190657350       0.4197620745046885
       0.0000000000000000      12.0848598503427860       0.4195751874458998
      10.0000000000000000      12.0902868190657350       0.4197620745046885
      20.0000000000000000      12.0623460788299540       0.4187998527586780
      30.0000000000000000      11.9451888425979840       0.4147684519628455
      40.0000000000000000      11.8404047209812990       0.4111550762339523
      50.0000000000000000      11.4324847044959040       0.3970995350441191
      60.0000000000000000      10.7678263816900000       0.3741921698131083
      70.0000000000000000       9.4823795579316474       0.3299066429797253
      80.0000000000000000       6.7855204948618297       0.2371756177074784
      90.0000000000000000       3.3997885614173136       0.1216693252411275
     100.0000000000000000       4.0706303299582816       0.1443865739569330
     110.0000000000000000       3.9455555020010968       0.1401540349873978
     120.0000000000000000       4.2707443138982155       0.1512496066934152
     130.0000000000000000       5.6512356268824675       0.1983596652308001
     140.0000000000000000       6.5018143783193434       0.2275271328933716
     150.0000000000000000       6.9086721867496097       0.2414855909571576
     160.0000000000000000       6.5796960679674390       0.2301850094055550
     170.0000000000000000       5.7287403041452487       0.2010109773790365
     180.0000000000000000       5.8472239088327749       0.2050574525105827
     190.0000000000000000       5.7287403041452487       0.2010109773790365
     200.0000000000000000       6.5796960679674390       0.2301850094055550
     210.0000000000000000       6.9086721867496097       0.2414855909571576
     220.0000000000000000       6.5018143783193434       0.2275271328933716
     230.0000000000000000       5.6512356268824675       0.1983596652308001
     240.0000000000000000       4.2707443138982155       0.1512496066934152
     250.0000000000000000       3.9455555020010968       0.1401540349873978
     260.0000000000000000       4.0706303299582816       0.1443865739569330
     270.0000000000000000       3.3997885614173136       0.1216693252411275
