     -90.0000000000000000       1.4778444059538947       0.4247947397049466
     -80.0000000000000000      10.3043415789659690       0.5707640130643165
     -70.0000000000000000      29.5511938418171670       1.1269917945398327
     -60.0000000000000000      49.8760387720819760       1.7951782980490212
     -50.0000000000000000      68.6584960278738090       2.4294925120969739
     -40.0000000000000000      85.3400148222719540       2.9980850841241860
     -30.0000000000000000      98.6332717776463850       3.4530901609128675
     -20.0000000000000000     107.5404561764292600       3.7585633571348378
     -10.0000000000000000     111.7181761905698500       3.9019714333571001
       0.0000000000000000     113.5029759107327000       3.9632360708835961
      10.0000000000000000     111.7181761905698500       3.9019714333571001
      20.0000000000000000     107.5404561764292600       3.7585633571348378
      30.0000000000000000      98.6332717776463850       3.4530901609128675
      40.0000000000000000      85.3400148222719540       2.9980850841241860
      50.0000000000000000      68.6584960278738090       2.4294925120969739
      60.0000000000000000      49.8760387720819760       1.7951782980490212
      70.0000000000000000      29.5511938418171670       1.1269917945398327
      80.0000000000000000      10.3043415789659690       0.5707640130643165
      90.0000000000000000       1.4778444059538947       0.4247947397049466
     100.0000000000000000       1.4303331584020222       0.4258500050654470
     110.0000000000000000       1.1043715883366161       0.4250409266382008
     120.0000000000000000       1.2197986434069641       0.4282343170962761
     130.0000000000000000       1.0031725828325693       0.4310736665035077
     140.0000000000000000       0.9692054701154937       0.4340632214535642
     150.0000000000000000       0.9248959050695439       0.4352172640593036
     160.0000000000000000       0.8208259903391935       0.4339819121921691
     170.0000000000000000       0.8022547526339467       0.4317359678423681
     180.0000000000000000       0.9272584850786415       0.4313940359499948
     190.0000000000000000       0.8022547526339467       0.4317359678423681
     200.0000000000000000       0.8208259903391935       0.4339819121921691
     210.0000000000000000       0.9248959050695439       0.4352172640593036
     220.0000000000000000       0.9692054701154937       0.4340632214535642
     230.0000000000000000       1.0031725828325693       0.4310736665035077
     240.0000000000000000       1.2197986434069641       0.4282343170962761
     250.0000000000000000       1.1043715883366161       0.4250409266382008
     260.0000000000000000       1.4303331584020222       0.4258500050654470
     270.0000000000000000       1.4778444059538947       0.4247947397049466
