     -90.0000000000000000       6.9796924960125937       0.2683074091512178
     -80.0000000000000000      18.7695399511501580       0.6619038201413292
     -70.0000000000000000      30.9657626816340430       1.0795002237780744
     -60.0000000000000000      39.3634952999855160       1.3685580146884069
     -50.0000000000000000      44.6716988542987250       1.5515287126620660
     -40.0000000000000000      47.8169708782722650       1.6600066751325167
     -30.0000000000000000      49.9960826665815720       1.7351074208951169
     -20.0000000000000000      51.1061451362882910       1.7733949965471887
     -10.0000000000000000      51.7567174482036590       1.7958220018795663
       0.0000000000000000      51.9813879596081990       1.8086422470669461
      10.0000000000000000      51.7567174482036590       1.7958220018795663
      20.0000000000000000      51.1061451362882910       1.7733949965471887
      30.0000000000000000      49.9960826665815720       1.7351074208951169
      40.0000000000000000      47.8169708782722650       1.6600066751325167
      50.0000000000000000      44.6716988542987250       1.5515287126620660
      60.0000000000000000      39.3634952999855160       1.3685580146884069
      70.0000000000000000      30.9657626816340430       1.0795002237780744
      80.0000000000000000      18.7695399511501580       0.6619038201413292
      90.0000000000000000       6.9796924960125937       0.2683074091512178
     100.0000000000000000       9.5014814319501770       0.3499620934041028
     110.0000000000000000      10.1409971337109470       0.3710339335880419
     120.0000000000000000      11.2677738756494300       0.4090291954384651
     130.0000000000000000      17.1632902296371200       0.6076492334132024
     140.0000000000000000      22.1398931576516200       0.7773791840259395
     150.0000000000000000      25.0086828390944080       0.8757151209530300
     160.0000000000000000      22.9545291177986110       0.8053776409895538
     170.0000000000000000      18.8017472354497100       0.6636434540448125
     180.0000000000000000      18.7311179644923090       0.6789440265017582
     190.0000000000000000      18.5492062703901940       0.6551835480686470
     200.0000000000000000      22.7847338288061390       0.7997178204547871
     210.0000000000000000      24.8319922921776450       0.8697220303842359
     220.0000000000000000      21.8379888674272740       0.7672488838037674
     230.0000000000000000      16.8023569104166130       0.5957922924350879
     240.0000000000000000      11.2677738756494300       0.4090291954384651
     250.0000000000000000      10.1409971337109470       0.4090291954384651
     260.0000000000000000       9.5014814319501770       0.4090291954384651
     270.0000000000000000       6.9796924960125937       0.4090291954384651
