-180.0   97.0517038146
-178.0   96.6499919235
-176.0   96.2773589735
-174.0   95.9293375145
-172.0   95.6014600962
-170.0   95.2892592686
-168.0   94.9882675815
-166.0   94.6940175848
-164.0   94.4020418284
-162.0   94.107872862
-160.0   93.8070432356
-158.0   93.495085499
-156.0   93.1675322021
-154.0   92.8199158947
-152.0   92.4477691268
-150.0   92.0466244481
-148.0   91.6120144085
-146.0   91.1394715579
-144.0   90.6245284462
-142.0   90.0627176232
-140.0   89.4495716388
-138.0   88.7806230428
-136.0   88.0514043851
-134.0   87.2574482156
-132.0   86.394287084
-130.0   85.4574535404
-128.0   84.4424801345
-126.0   83.3448994162
-124.0   82.1602439354
-122.0   80.8840462419
-120.0   79.5118388856
-118.0   78.0435184627
-116.0   76.4964377554
-114.0   74.8923135922
-112.0   73.2528628014
-110.0   71.5998022116
-108.0   69.9548486512
-106.0   68.3397189488
-104.0   66.7761299329
-102.0   65.2857984318
-100.0   63.8904412742
-98.0   62.6117752884
-96.0   61.471517303
-94.0   60.4926754646
-92.0   59.7279582385
-90.0   59.2597744082
-88.0   59.1718240755
-86.0   59.5478073424
-84.0   60.4668369984
-82.0   61.9025176539
-80.0   63.7229457396
-78.0   65.7916303743
-76.0   67.9720806764
-74.0   70.1306919537
-72.0   72.2002418612
-70.0   74.1798904009
-68.0   76.0716837642
-66.0   77.8776681422
-64.0   79.5998897261
-62.0   81.2403947071
-60.0   82.8012292764
-58.0   84.2844396253
-56.0   85.6920719449
-54.0   87.0261724265
-52.0   88.2887872611
-50.0   89.4819626402
-48.0   90.6077447547
-46.0   91.6681797961
-44.0   92.6653139553
-42.0   93.6011934238
-40.0   94.4778643925
-38.0   95.2973730529
-36.0   96.061765596
-34.0   96.7730882131
-32.0   97.4333870953
-30.0   98.044708434
-28.0   98.6087078516
-26.0   99.1254786969
-24.0   99.5947237496
-22.0   100.01614579
-20.0   100.389447598
-18.0   100.714331953
-16.0   100.990501635
-14.0   101.21774696
-12.0   101.397871547
-10.0   101.534692321
-8.0   101.63211374
-6.0   101.694040265
-4.0   101.724376354
-2.0   101.727026468
0.0   101.705895065
2.0   101.727026468
4.0   101.724376354
6.0   101.694040265
8.0   101.63211374
10.0   101.534692321
12.0   101.397871547
14.0   101.21774696
16.0   100.990501635
18.0   100.714331953
20.0   100.389447598
22.0   100.01614579
24.0   99.5947237496
26.0   99.1254786969
28.0   98.6087078516
30.0   98.044708434
32.0   97.4333870953
34.0   96.7730882131
36.0   96.061765596
38.0   95.2973730529
40.0   94.4778643925
42.0   93.6011934238
44.0   92.6653139553
46.0   91.6681797961
48.0   90.6077447547
50.0   89.4819626402
52.0   88.2887872611
54.0   87.0261724265
56.0   85.6920719449
58.0   84.2844396253
60.0   82.8012292764
62.0   81.2403947071
64.0   79.5998897261
66.0   77.8776681422
68.0   76.0716837642
70.0   74.1798904009
72.0   72.2002418612
74.0   70.1306919537
76.0   67.9720806764
78.0   65.7916303743
80.0   63.7229457396
82.0   61.9025176539
84.0   60.4668369984
86.0   59.5478073424
88.0   59.1718240755
90.0   59.2597744082
92.0   59.7279582385
94.0   60.4926754646
96.0   61.471517303
98.0   62.6117752884
100.0   63.8904412742
102.0   65.2857984318
104.0   66.7761299329
106.0   68.3397189488
108.0   69.9548486512
110.0   71.5998022116
112.0   73.2528628014
114.0   74.8923135922
116.0   76.4964377554
118.0   78.0435184627
120.0   79.5118388856
122.0   80.8840462419
124.0   82.1602439354
126.0   83.3448994162
128.0   84.4424801345
130.0   85.4574535404
132.0   86.394287084
134.0   87.2574482156
136.0   88.0514043851
138.0   88.7806230428
140.0   89.4495716388
142.0   90.0627176232
144.0   90.6245284462
146.0   91.1394715579
148.0   91.6120144085
150.0   92.0466244481
152.0   92.4477691268
154.0   92.8199158947
156.0   93.1675322021
158.0   93.495085499
160.0   93.8070432356
162.0   94.107872862
164.0   94.4020418284
166.0   94.6940175848
168.0   94.9882675815
170.0   95.2892592686
172.0   95.6014600962
174.0   95.9293375145
176.0   96.2773589735
178.0   96.6499919235
180.0   97.0517038146
