-180.0   0.931302008002   18.6883015691   5.82763598296   107.50580131   97.0517038146
-178.0   0.878256791173   18.1349671   5.72673192319   107.517464952   96.6499919235
-176.0   0.838556338147   17.9060565891   5.68195260038   107.472630288   96.2773589735
-174.0   0.810860575716   17.9586183201   5.68613800367   107.372370917   95.9293375145
-172.0   0.793829430674   18.2497005771   5.73212812222   107.21776044   95.6014600962
-170.0   0.786122829813   18.7363516437   5.81276294517   107.009872458   95.2892592686
-168.0   0.786400699927   19.3756198039   5.92088246169   106.749780571   94.9882675815
-166.0   0.793322967809   20.1245533415   6.04932666092   106.43855838   94.6940175848
-164.0   0.805549560251   20.9402005404   6.19093553203   106.077279485   94.4020418284
-162.0   0.821740404046   21.7796096844   6.33854906415   105.667017488   94.107872862
-160.0   0.840555425988   22.5998290574   6.48500724645   105.208845988   93.8070432356
-158.0   0.860654552869   23.3579069432   6.62315006808   104.703838586   93.495085499
-156.0   0.880697711482   24.0108916256   6.74581751818   104.153068883   93.1675322021
-154.0   0.89934482862   24.5158313886   6.84584958592   103.557610479   92.8199158947
-152.0   0.915255831077   24.8297745159   6.91608626045   102.918536975   92.4477691268
-150.0   0.927090645644   24.9097692915   6.94936753092   102.236921972   92.0466244481
-148.0   0.934016412514   24.7258898322   6.94039226038   101.51383907   91.6120144085
-146.0   0.937229125468   24.3003135867   6.89129480751   100.750361869   91.1394715579
-144.0   0.938431991687   23.6682438371   6.80606840487   99.9475639709   90.6245284462
-142.0   0.939328218351   22.8648838651   6.68870628502   99.1065189754   90.0627176232
-140.0   0.94162101264   21.9254369526   6.54320168055   98.2283004834   89.4495716388
-138.0   0.947013581736   20.8851063815   6.37354782401   97.3139820952   88.7806230428
-136.0   0.957209132819   19.7790954337   6.18373794798   96.3646374117   88.0514043851
-134.0   0.973910873068   18.6426073909   5.97776528502   95.3806591573   87.2574482156
-132.0   0.998822009665   17.5108455352   5.75962306771   94.3467799079   86.394287084
-130.0   1.03364574979   16.4190131482   5.53330452861   93.232072091   85.4574535404
-128.0   1.07832962792   15.3968275277   5.30302265386   92.0049272578   84.4424801345
-126.0   1.12579848774   14.452062035   5.07386944383   90.6337369598   83.3448994162
-124.0   1.16722150021   13.587004047   4.85115665248   89.0868927482   82.1602439354
-122.0   1.19376783632   12.8039409408   4.64019603376   87.3327861744   80.8840462419
-120.0   1.19660666703   12.1051600933   4.4462993416   85.3398087898   79.5118388856
-118.0   1.17155771465   11.4929488817   4.27477832996   83.0921241887   78.0435184627
-116.0   1.13304290673   10.9695946829   4.13094475277   80.6369841378   76.4964377554
-114.0   1.10013472214   10.5373848739   4.020110364   78.037412447   74.8923135922
-112.0   1.09190563977   10.1986068318   3.94758691758   75.356432926   73.2528628014
-110.0   1.12742813848   9.95554793366   3.91868616747   72.6570693846   71.5998022116
-108.0   1.2160122703   9.79923323458   3.93304892939   70.0023456327   69.9548486512
-106.0   1.32791837982   9.67563850241   3.96763226622   67.4552854799   68.3397189488
-104.0   1.42364438476   9.51947718316   3.99372230263   65.0784292256   66.7761299329
-102.0   1.46368820286   9.26546272281   3.98260516327   62.9231964265   65.2857984318
-100.0   1.40854775184   8.84830856735   3.90556697282   61.029885897   63.8904412742
-98.0   1.24399769489   8.24769480087   3.75020251253   59.4383129409   62.6117752884
-96.0   1.05691967691   7.62316805993   3.56934119005   58.188292862   61.471517303
-94.0   0.959472088287   7.17924161918   3.4321210696   57.3196409642   60.4926754646
-92.0   1.06381331938   7.12042875327   3.40768021544   56.8721725512   59.7279582385
-90.0   1.48210176055   7.65124273685   3.56515669179   56.8857029268   59.2597744082
-88.0   2.31130709271   8.91387855533   3.9514694925   57.3868326432   59.1718240755
-86.0   3.58764415887   10.8012580371   4.52466132981   58.3493032453   59.5478073424
-84.0   5.33213909259   13.1439847213   5.22055584555   59.7336415264   60.4668369984
-82.0   7.56581802742   15.7726621471   5.97497668156   61.5003742797   61.9025176539
-80.0   10.3097070969   18.5178938537   6.72374747969   63.6100282986   63.7229457396
-78.0   13.5618775937   21.2336271059   7.41350336276   66.0231303762   65.7916303743
-76.0   17.2285814468   23.8671840714   8.0341253776   68.7002073058   67.9720806764
-74.0   21.193115744   26.3892306437   8.58630605202   71.6012444042   70.1306919537
-72.0   25.3387775733   28.7704327162   9.07073791382   74.6737730259   72.2002418612
-70.0   29.5488640228   30.9814561823   9.48811349083   77.8528705641   74.1798904009
-68.0   33.7258365219   33.0004857366   9.84061315123   81.0730729348   76.0716837642
-66.0   37.8488138662   34.8357812775   10.1363686247   84.2689160544   77.8776681422
-64.0   41.9160791929   36.5031215048   10.3849994814   87.3749358392   79.5998897261
-62.0   45.9259156391   38.0182851179   10.5961252912   90.3256682054   81.2403947071
-60.0   49.8766063419   39.3970508166   10.7793656244   93.0556490694   82.8012292764
-58.0   53.7662396642   40.6538997793   10.9429413592   95.5147033679   84.2844396253
-56.0   57.5921248721   41.7981230996   11.0894786072   97.7138121199   85.6920719449
-54.0   61.3513764573   42.8377143504   11.2202047881   99.6792453649   87.0261724265
-52.0   65.0411089117   43.7806671042   11.3363473219   101.437273142   88.2887872611
-50.0   68.658436727   44.6349749336   11.4391336283   103.014165492   89.4819626402
-48.0   72.1987299053   45.4086314112   11.5297911271   104.436192452   90.6077447547
-46.0   75.6503804894   46.1096301097   11.6095472381   105.729624064   91.6681797961
-44.0   79.0000360323   46.7459646017   11.6796293812   106.920245284   92.6653139553
-42.0   82.2343440872   47.3256284598   11.7412649762   108.022684179   93.6011934238
-40.0   85.339952207   47.8566152567   11.7956814428   109.040411929   94.4778643925
-38.0   88.304813789   48.3458389637   11.8439588632   109.976414629   95.2973730529
-36.0   91.1221056066   48.7958951473   11.8865879689   110.833678376   96.061765596
-34.0   93.7863102775   49.2082997728   11.9239121537   111.615189264   96.7730882131
-32.0   96.2919104192   49.5845688055   11.9562748113   112.323933391   97.4333870953
-30.0   98.6333886496   49.9262182106   11.9840193355   112.962896852   98.044708434
-28.0   100.804063132   50.2347639535   12.0074891201   113.535065744   98.6087078516
-26.0   102.792594214   50.5117219993   12.0270275589   114.043426162   99.1254786969
-24.0   104.58647779   50.7586083133   12.0429780456   114.490964203   99.5947237496
-22.0   106.173209753   50.9769388609   12.0556839741   114.880665962   100.01614579
-20.0   107.540285997   51.1682296072   12.0654887382   115.215517536   100.389447598
-18.0   108.683804015   51.3339965175   12.0727357315   115.498505021   100.714331953
-16.0   109.6342677   51.4757555572   12.077768348   115.732614512   100.990501635
-14.0   110.430782544   51.5950226914   12.0809299814   115.920832106   101.21774696
-12.0   111.112454039   51.6933138855   12.0825640254   116.066143899   101.397871547
-10.0   111.718387677   51.7721451047   12.0830138739   116.171535986   101.534692321
-8.0   112.275865529   51.8330323142   12.0826229206   116.239994465   101.63211374
-6.0   112.764875972   51.8774914794   12.0817345593   116.27450543   101.694040265
-4.0   113.153583965   51.9070385655   12.0806921839   116.278054979   101.724376354
-2.0   113.410154464   51.9231895378   12.079839188   116.253629206   101.727026468
0.0   113.502752426   51.9274603615   12.0795189655   116.204214209   101.705895065
2.0   113.410154488   51.9231895378   12.079839188   116.253629206   101.727026468
4.0   113.153584008   51.9070385655   12.0806921839   116.278054979   101.724376354
6.0   112.764876021   51.8774914794   12.0817345593   116.27450543   101.694040265
8.0   112.275865565   51.8330323142   12.0826229206   116.239994465   101.63211374
10.0   111.718387676   51.7721451047   12.0830138739   116.171535986   101.534692321
12.0   111.112453976   51.6933138855   12.0825640254   116.066143899   101.397871547
14.0   110.430782419   51.5950226914   12.0809299814   115.920832106   101.21774696
16.0   109.634267545   51.4757555572   12.077768348   115.732614512   100.990501635
18.0   108.683803893   51.3339965175   12.0727357315   115.498505021   100.714331953
20.0   107.540286002   51.1682296072   12.0654887382   115.215517536   100.389447598
22.0   106.173209986   50.9769388609   12.0556839741   114.880665962   100.01614579
24.0   104.586478255   50.7586083133   12.0429780456   114.490964203   99.5947237496
26.0   102.792594795   50.5117219993   12.0270275589   114.043426162   99.1254786969
28.0   100.804063593   50.2347639535   12.0074891201   113.535065744   98.6087078516
30.0   98.6333886316   49.9262182106   11.9840193355   112.962896852   98.044708434
32.0   96.2919095409   49.5845688055   11.9562748113   112.323933391   97.4333870953
34.0   93.7863085188   49.2082997728   11.9239121537   111.615189264   96.7730882131
36.0   91.1221034068   48.7958951473   11.8865879689   110.833678376   96.061765596
38.0   88.3048120459   48.3458389637   11.8439588632   109.976414629   95.2973730529
40.0   85.3399522775   47.8566152567   11.7956814428   109.040411929   94.4778643925
42.0   82.23434742   47.3256284598   11.7412649762   108.022684179   93.6011934238
44.0   79.0000427016   46.7459646017   11.6796293812   106.920245284   92.6653139553
46.0   75.6503888274   46.1096301097   11.6095472381   105.729624064   91.6681797961
48.0   72.1987365029   45.4086314112   11.5297911271   104.436192452   90.6077447547
50.0   68.6584364334   44.6349749336   11.4391336283   103.014165492   89.4819626402
52.0   65.0410962282   43.7806671042   11.3363473219   101.437273142   88.2887872611
54.0   61.3513511129   42.8377143504   11.2202047881   99.6792453649   87.0261724265
56.0   57.5920932173   41.7981230996   11.0894786072   97.7138121199   85.6920719449
58.0   53.766214671   40.6538997793   10.9429413592   95.5147033679   84.2844396253
60.0   49.8766076037   39.3970508166   10.7793656244   93.0556490694   82.8012292764
62.0   45.9259640583   38.0182851179   10.5961252912   90.3256682054   81.2403947071
64.0   41.9161757315   36.5031215048   10.3849994814   87.3749358392   79.5998897261
66.0   37.8489342331   34.8357812775   10.1363686247   84.2689160544   77.8776681422
68.0   33.7259311731   33.0004857366   9.84061315123   81.0730729348   76.0716837642
70.0   29.5488581614   30.9814561823   9.48811349083   77.8528705641   74.1798904009
72.0   25.3385915212   28.7704327162   9.07073791382   74.6737730259   72.2002418612
74.0   21.1927464292   26.3892306437   8.58630605202   71.6012444042   70.1306919537
76.0   17.2281227752   23.8671840714   8.0341253776   68.7002073058   67.9720806764
78.0   13.5615204493   21.2336271059   7.41350336276   66.0231303762   65.7916303743
80.0   10.3097393413   18.5178938537   6.72374747969   63.6100282986   63.7229457396
82.0   7.56658021425   15.7726621471   5.97497668156   61.5003742797   61.9025176539
84.0   5.3338473238   13.1439847213   5.22055584555   59.7336415264   60.4668369984
86.0   3.59034579858   10.8012580371   4.52466132981   58.3493032453   59.5478073424
88.0   2.31488076728   8.91387855533   3.9514694925   57.3868326432   59.1718240755
90.0   1.48625735856   7.65124273685   3.56515669179   56.8857029268   59.2597744082
92.0   1.06812101552   7.12042875327   3.40768021544   56.8721725512   59.7279582385
94.0   0.963478438965   7.17924161918   3.4321210696   57.3196409642   60.4926754646
96.0   1.0601766441   7.62316805993   3.56934119005   58.188292862   61.471517303
98.0   1.24606264615   8.24769480087   3.75020251253   59.4383129409   62.6117752884
100.0   1.40898346032   8.84830856735   3.90556697282   61.029885897   63.8904412742
102.0   1.46215727698   9.26546272281   3.98260516327   62.9231964265   65.2857984318
104.0   1.42028698707   9.51947718316   3.99372230263   65.0784292256   66.7761299329
106.0   1.32344665666   9.67563850241   3.96763226622   67.4552854799   68.3397189488
108.0   1.21171035185   9.79923323458   3.93304892939   70.0023456327   69.9548486512
110.0   1.12515213871   9.95554793366   3.91868616747   72.6570693846   71.5998022116
112.0   1.09371875207   10.1986068318   3.94758691758   75.356432926   73.2528628014
114.0   1.10684760172   10.5373848739   4.020110364   78.037412447   74.8923135922
116.0   1.14384876618   10.9695946829   4.13094475277   80.6369841378   76.4964377554
118.0   1.18403232398   11.4929488817   4.27477832996   83.0921241887   78.0435184627
120.0   1.20670835365   12.1051600933   4.4462993416   85.3398087898   79.5118388856
122.0   1.19659118377   12.8039409408   4.64019603376   87.3327861744   80.8840462419
124.0   1.16001214315   13.587004047   4.85115665248   89.0868927482   82.1602439354
126.0   1.10870681068   14.452062035   5.07386944383   90.6337369598   83.3448994162
128.0   1.05441076523   15.3968275277   5.30302265386   92.0049272578   84.4424801345
130.0   1.00885958567   16.4190131482   5.53330452861   93.232072091   85.4574535404
132.0   0.980966381339   17.5108455352   5.75962306771   94.3467799079   86.394287084
134.0   0.968354383489   18.6426073909   5.97776528502   95.3806591573   87.2574482156
136.0   0.96582435383   19.7790954337   6.18373794798   96.3646374117   88.0514043851
138.0   0.968177054075   20.8851063815   6.37354782401   97.3139820952   88.7806230428
140.0   0.970213245937   21.9254369526   6.54320168055   98.2283004834   89.4495716388
142.0   0.967732499853   22.8648838651   6.68870628502   99.1065189754   90.0627176232
144.0   0.960529621156   23.6682438371   6.80606840487   99.9475639709   90.6245284462
146.0   0.9493982239   24.3003135867   6.89129480751   100.750361869   91.1394715579
148.0   0.935131922139   24.7258898322   6.94039226038   101.51383907   91.6120144085
150.0   0.918524329931   24.9097692915   6.94936753092   102.236921972   92.0466244481
152.0   0.900369061328   24.8297745159   6.91608626045   102.918536975   92.4477691268
154.0   0.881459730388   24.5158313886   6.84584958592   103.557610479   92.8199158947
156.0   0.862589951164   24.0108916256   6.74581751818   104.153068883   93.1675322021
158.0   0.844553337712   23.3579069432   6.62315006808   104.703838586   93.495085499
160.0   0.828143504087   22.5998290574   6.48500724645   105.208845988   93.8070432356
162.0   0.814154064344   21.7796096844   6.33854906415   105.667017488   94.107872862
164.0   0.803378632539   20.9402005404   6.19093553203   106.077279485   94.4020418284
166.0   0.796610822726   20.1245533415   6.04932666092   106.43855838   94.6940175848
168.0   0.79464424896   19.3756198039   5.92088246169   106.749780571   94.9882675815
170.0   0.798272525298   18.7363516437   5.81276294517   107.009872458   95.2892592686
172.0   0.808289265793   18.2497005771   5.73212812222   107.21776044   95.6014600962
174.0   0.825488084501   17.9586183201   5.68613800367   107.372370917   95.9293375145
176.0   0.850662595477   17.9060565891   5.68195260038   107.472630288   96.2773589735
178.0   0.884606412777   18.1349671   5.72673192319   107.517464952   96.6499919235
180.0   0.928113150455   18.6883015691   5.82763598296   107.50580131   97.0517038146
