-180.0   0.931302008002
-178.0   0.878256791173
-176.0   0.838556338147
-174.0   0.810860575716
-172.0   0.793829430674
-170.0   0.786122829813
-168.0   0.786400699927
-166.0   0.793322967809
-164.0   0.805549560251
-162.0   0.821740404046
-160.0   0.840555425988
-158.0   0.860654552869
-156.0   0.880697711482
-154.0   0.89934482862
-152.0   0.915255831077
-150.0   0.927090645644
-148.0   0.934016412514
-146.0   0.937229125468
-144.0   0.938431991687
-142.0   0.939328218351
-140.0   0.94162101264
-138.0   0.947013581736
-136.0   0.957209132819
-134.0   0.973910873068
-132.0   0.998822009665
-130.0   1.03364574979
-128.0   1.07832962792
-126.0   1.12579848774
-124.0   1.16722150021
-122.0   1.19376783632
-120.0   1.19660666703
-118.0   1.17155771465
-116.0   1.13304290673
-114.0   1.10013472214
-112.0   1.09190563977
-110.0   1.12742813848
-108.0   1.2160122703
-106.0   1.32791837982
-104.0   1.42364438476
-102.0   1.46368820286
-100.0   1.40854775184
-98.0   1.24399769489
-96.0   1.05691967691
-94.0   0.959472088287
-92.0   1.06381331938
-90.0   1.48210176055
-88.0   2.31130709271
-86.0   3.58764415887
-84.0   5.33213909259
-82.0   7.56581802742
-80.0   10.3097070969
-78.0   13.5618775937
-76.0   17.2285814468
-74.0   21.193115744
-72.0   25.3387775733
-70.0   29.5488640228
-68.0   33.7258365219
-66.0   37.8488138662
-64.0   41.9160791929
-62.0   45.9259156391
-60.0   49.8766063419
-58.0   53.7662396642
-56.0   57.5921248721
-54.0   61.3513764573
-52.0   65.0411089117
-50.0   68.658436727
-48.0   72.1987299053
-46.0   75.6503804894
-44.0   79.0000360323
-42.0   82.2343440872
-40.0   85.339952207
-38.0   88.304813789
-36.0   91.1221056066
-34.0   93.7863102775
-32.0   96.2919104192
-30.0   98.6333886496
-28.0   100.804063132
-26.0   102.792594214
-24.0   104.58647779
-22.0   106.173209753
-20.0   107.540285997
-18.0   108.683804015
-16.0   109.6342677
-14.0   110.430782544
-12.0   111.112454039
-10.0   111.718387677
-8.0   112.275865529
-6.0   112.764875972
-4.0   113.153583965
-2.0   113.410154464
0.0   113.502752426
2.0   113.410154488
4.0   113.153584008
6.0   112.764876021
8.0   112.275865565
10.0   111.718387676
12.0   111.112453976
14.0   110.430782419
16.0   109.634267545
18.0   108.683803893
20.0   107.540286002
22.0   106.173209986
24.0   104.586478255
26.0   102.792594795
28.0   100.804063593
30.0   98.6333886316
32.0   96.2919095409
34.0   93.7863085188
36.0   91.1221034068
38.0   88.3048120459
40.0   85.3399522775
42.0   82.23434742
44.0   79.0000427016
46.0   75.6503888274
48.0   72.1987365029
50.0   68.6584364334
52.0   65.0410962282
54.0   61.3513511129
56.0   57.5920932173
58.0   53.766214671
60.0   49.8766076037
62.0   45.9259640583
64.0   41.9161757315
66.0   37.8489342331
68.0   33.7259311731
70.0   29.5488581614
72.0   25.3385915212
74.0   21.1927464292
76.0   17.2281227752
78.0   13.5615204493
80.0   10.3097393413
82.0   7.56658021425
84.0   5.3338473238
86.0   3.59034579858
88.0   2.31488076728
90.0   1.48625735856
92.0   1.06812101552
94.0   0.963478438965
96.0   1.0601766441
98.0   1.24606264615
100.0   1.40898346032
102.0   1.46215727698
104.0   1.42028698707
106.0   1.32344665666
108.0   1.21171035185
110.0   1.12515213871
112.0   1.09371875207
114.0   1.10684760172
116.0   1.14384876618
118.0   1.18403232398
120.0   1.20670835365
122.0   1.19659118377
124.0   1.16001214315
126.0   1.10870681068
128.0   1.05441076523
130.0   1.00885958567
132.0   0.980966381339
134.0   0.968354383489
136.0   0.96582435383
138.0   0.968177054075
140.0   0.970213245937
142.0   0.967732499853
144.0   0.960529621156
146.0   0.9493982239
148.0   0.935131922139
150.0   0.918524329931
152.0   0.900369061328
154.0   0.881459730388
156.0   0.862589951164
158.0   0.844553337712
160.0   0.828143504087
162.0   0.814154064344
164.0   0.803378632539
166.0   0.796610822726
168.0   0.79464424896
170.0   0.798272525298
172.0   0.808289265793
174.0   0.825488084501
176.0   0.850662595477
178.0   0.884606412777
180.0   0.928113150455
