-180.000000002 1.50013 2.88829 4.85224 19.0994 27.1641 14.8512 8.57913 7.36796
-179.000000002 1.49567 2.88532 4.84639 19.042 27.082 14.8056 8.51334 7.32513
-178.000000002 1.4915 2.88292 4.84151 18.9886 27.0037 14.762 8.44832 7.28271
-177.000000002 1.48763 2.8811 4.83759 18.939 26.9291 14.7203 8.38406 7.24069
-176.000000002 1.48405 2.87984 4.83463 18.8935 26.8583 14.6806 8.32054 7.19907
-175.000000002 1.47014 2.85522 4.79848 18.7306 26.6603 14.5734 8.22845 7.11269
-174.000000002 1.45252 2.82213 4.7504 18.5261 26.4168 14.442 8.12623 7.0098
-173.000000002 1.43523 2.78969 4.7034 18.326 26.1777 14.3129 8.02505 6.90755
-172.000000002 1.41827 2.75787 4.65745 18.1302 25.9429 14.186 7.92487 6.80595
-171.000000002 1.40164 2.72668 4.61255 17.9388 25.7123 14.0613 7.82569 6.70495
-170.000000002 1.38534 2.69612 4.56869 17.7517 25.486 13.9388 7.72748 6.60456
-169.000000002 1.36936 2.66616 4.52586 17.5688 25.2638 13.8184 7.63021 6.50473
-168.000000002 1.35369 2.63682 4.48405 17.3902 25.0458 13.7002 7.53389 6.40547
-167.000000002 1.36508 2.66971 4.52857 17.351 24.9543 13.6416 7.48788 6.35288
-166.000000002 1.41265 2.78582 4.68847 17.4975 25.0312 13.6622 7.50909 6.36275
-165.000000002 1.46135 2.90443 4.85202 17.6525 25.1162 13.6868 7.53284 6.37468
-164.000000002 1.51121 3.02555 5.01921 17.816 25.2093 13.7154 7.55912 6.38867
-163.000000002 1.56221 3.14919 5.19009 17.9881 25.3104 13.748 7.58794 6.40473
-162.000000002 1.61438 3.27539 5.36468 18.1687 25.4197 13.7846 7.61931 6.42286
-161.000000002 1.66772 3.40416 5.54301 18.3579 25.5371 13.8252 7.65323 6.44306
-160.000000002 1.72224 3.53552 5.72511 18.5558 25.6626 13.8699 7.68971 6.46535
-159.000000002 1.77795 3.6695 5.91102 18.7624 25.7964 13.9186 7.72877 6.48972
-158.000000002 1.78701 3.69654 5.93551 18.9727 26.0512 14.0716 7.80229 6.57096
-157.000000002 1.79172 3.71349 5.94469 19.1905 26.3263 14.2397 7.88182 6.66034
-156.000000002 1.79768 3.73318 5.95792 19.4163 26.6086 14.4112 7.96362 6.75143
-155.000000002 1.80489 3.75562 5.9752 19.6502 26.8981 14.586 8.0477 6.84426
-154.000000002 1.81337 3.7808 5.99652 19.8921 27.1948 14.7643 8.13407 6.93883
-153.000000002 1.82309 3.80873 6.02188 20.1421 27.4988 14.946 8.22274 7.03515
-152.000000002 1.83407 3.8394 6.05128 20.4003 27.8101 15.1311 8.31374 7.13325
-151.000000002 1.84631 3.87283 6.08474 20.6667 28.1288 15.3197 8.40706 7.23313
-150.000000002 1.85981 3.90902 6.12225 20.9413 28.4548 15.5119 8.50274 7.33482
-149.000000002 1.87457 3.94799 6.16384 21.2242 28.7884 15.7076 8.60078 7.43834
-148.000000002 1.8906 3.98973 6.2095 21.5154 29.1295 15.9069 8.70122 7.5437
-147.000000002 1.9079 4.03426 6.25926 21.815 29.4783 16.1098 8.80406 7.65093
-146.000000002 1.90026 4.00919 6.21619 21.9845 29.7485 16.2464 8.86928 7.72065
-145.000000002 1.86715 3.91307 6.07836 22.0207 29.938 16.3151 8.89597 7.75195
-144.000000002 1.83482 3.81837 5.94282 22.0622 30.133 16.3858 8.92416 7.78421
-143.000000002 1.80326 3.72509 5.80954 22.1092 30.3334 16.4585 8.95386 7.81744
-142.000000002 1.77247 3.6332 5.67852 22.1615 30.5393 16.5333 8.98507 7.85163
-141.000000002 1.74244 3.54271 5.54973 22.2193 30.7507 16.6101 9.0178 7.88682
-140.000000002 1.79717 3.64966 5.7319 22.4987 30.997 16.683 9.09555 7.93437
-139.000000002 1.86435 3.78535 5.95935 22.8133 31.2523 16.757 9.18072 7.98438
-138.000000002 1.93159 3.92085 6.18649 23.131 31.5122 16.8328 9.26689 8.03514
-137.000000002 1.9989 4.05617 6.41336 23.4519 31.7767 16.9105 9.35408 8.08668
-136.000000002 2.06629 4.19134 6.63999 23.7761 32.0459 16.9901 9.4423 8.13898
-135.000000002 2.13377 4.32638 6.86644 24.1037 32.3197 17.0716 9.53156 8.19208
-134.000000002 2.20135 4.46132 7.09273 24.4346 32.5983 17.1549 9.62187 8.24596
-133.000000002 2.26905 4.59617 7.31891 24.7689 32.8817 17.2402 9.71326 8.30065
-132.000000002 2.33687 4.73096 7.54501 25.1067 33.1699 17.3274 9.80573 8.35614
-131.000000002 2.40482 4.86571 7.77107 25.4481 33.463 17.4165 9.8993 8.41246
-130.000000002 2.47293 5.00044 7.99713 25.793 33.7611 17.5077 9.994 8.4696
-129.000000002 2.54119 5.13519 8.22322 26.1416 34.0641 17.6007 10.0898 8.52759
-128.000000002 2.60962 5.26996 8.4494 26.494 34.3722 17.6958 10.1868 8.58642
-127.000000002 2.70055 5.55588 8.8331 26.9982 34.7612 17.8398 10.2748 8.6519
-126.000000002 2.81044 5.96968 9.34991 27.631 35.2188 18.0253 10.355 8.72301
-125.000000002 2.92054 6.38468 9.86779 28.2681 35.6814 18.213 10.4361 8.79487
-124.000000002 3.03088 6.80092 10.3868 28.9096 36.1491 18.4029 10.518 8.86751
-123.000000002 3.14147 7.21847 10.907 29.5556 36.622 18.5952 10.6006 8.94091
-122.000000002 3.25232 7.63738 11.4285 30.2061 37.1 18.7897 10.6842 9.01512
-121.000000002 3.36345 8.05771 11.9514 30.8613 37.5834 18.9866 10.7686 9.09011
-120.000000002 3.41254 8.24673 12.1805 31.1395 37.8286 19.0936 10.8222 9.1419
-119.000000002 3.45915 8.42681 12.3978 31.4054 38.0682 19.1988 10.8752 9.19335
-118.000000002 3.50648 8.60997 12.6186 31.6787 38.3147 19.3069 10.9293 9.24569
-117.000000002 3.55455 8.79624 12.8429 31.9595 38.5681 19.4179 10.9843 9.29893
-116.000000002 3.60336 8.98565 13.0708 32.2479 38.8285 19.5318 11.0404 9.35309
-115.000000002 3.65293 9.17824 13.3023 32.5438 39.0959 19.6488 11.0975 9.40817
-114.000000002 3.70325 9.37403 13.5374 32.8474 39.3704 19.7687 11.1557 9.46419
-113.000000002 3.75435 9.57306 13.7762 33.1586 39.652 19.8916 11.2149 9.52115
-112.000000002 3.80622 9.77537 14.0187 33.4776 39.9408 20.0175 11.2752 9.57906
-111.000000002 3.85888 9.981 14.2649 33.8044 40.2368 20.1465 11.3365 9.63793
-110.000000002 3.91234 10.19 14.515 34.1392 40.5401 20.2786 11.399 9.69779
-109.000000002 4.17989 10.9934 15.0468 34.6723 40.9186 20.4073 11.4535 9.74892
-108.000000002 4.92155 13.1118 16.1985 35.6356 41.4543 20.5248 11.489 9.77935
-107.000000002 5.66566 15.2379 17.3557 36.6073 41.997 20.6449 11.5252 9.81047
-106.000000002 6.41232 17.3721 18.5184 37.5875 42.5466 20.7676 11.5622 9.8423
-105.000000002 7.16166 19.5146 19.6868 38.5765 43.1033 20.8929 11.6001 9.87484
-104.000000002 7.91378 21.6658 20.8611 39.5743 43.667 21.0208 11.6388 9.9081
-103.000000002 8.66879 23.826 22.0415 40.5811 44.238 21.1514 11.6783 9.94208
-102.000000002 9.42682 25.9956 23.2282 41.5971 44.8164 21.2848 11.7187 9.97678
-101.000000002 10.188 28.1748 24.4213 42.6224 45.402 21.4208 11.76 10.0122
-100.000000002 10.9524 30.3641 25.6211 43.6571 45.9952 21.5595 11.8021 10.0484
-99.0000000021 11.5164 32.0503 26.5307 44.4158 46.4078 21.6494 11.8155 10.0646
-98.0000000021 11.7914 33.0092 27.0208 44.7739 46.558 21.6679 11.7873 10.0519
-97.0000000021 12.0754 33.9925 27.526 45.1498 46.7212 21.6908 11.761 10.0406
-96.0000000021 12.3686 35.0003 28.0462 45.5435 46.8975 21.7179 11.7365 10.0307
-95.0000000021 12.6709 36.033 28.5818 45.9552 47.087 21.7493 11.7138 10.0222
-94.0000000021 12.9826 37.0907 29.1326 46.3847 47.2896 21.7851 11.6929 10.015
-93.0000000021 13.3036 38.1736 29.699 46.8324 47.5054 21.8252 11.6738 10.0093
-92.0000000021 13.6341 39.282 30.281 47.2984 47.7345 21.8696 11.6565 10.0049
-91.0000000021 14.4442 40.841 31.1775 48.2079 48.366 22.0313 11.733 10.0521
-90.0000000021 15.2828 42.4399 32.1005 49.1524 49.0266 22.202 11.8154 10.1028
-89.0000000021 16.1296 44.0605 33.0371 50.1133 49.6996 22.3769 11.8996 10.1549
-88.0000000021 16.9848 45.7031 33.9875 51.0909 50.3851 22.556 11.9855 10.2084
-87.0000000021 17.8485 47.368 34.9518 52.0854 51.0832 22.7393 12.0734 10.2633
-86.0000000021 18.7208 49.0554 35.9302 53.0969 51.7941 22.9268 12.1631 10.3196
-85.0000000021 19.6019 50.7658 36.9228 54.1256 52.5178 23.1186 12.2547 10.3773
-84.0000000021 20.492 52.4992 37.9299 55.1717 53.2545 23.3146 12.3481 10.4364
-83.0000000021 21.3913 54.2561 38.9517 56.2354 54.0044 23.5151 12.4435 10.497
-82.0000000021 22.2998 56.037 39.9883 57.3169 54.7676 23.7199 12.5408 10.559
-81.0000000021 23.2179 57.8421 41.0399 58.4164 55.5442 23.9292 12.6401 10.6226
-80.0000000021 24.1457 59.6718 42.1069 59.5343 56.3345 24.1429 12.7413 10.6875
-79.0000000021 25.0834 61.5265 43.1894 60.6706 57.1386 24.3612 12.8445 10.754
-78.0000000021 26.0312 63.4067 44.2877 61.8258 57.9567 24.584 12.9498 10.8221
-77.0000000021 26.9048 65.0249 45.2224 62.7812 58.598 24.732 13.0202 10.8675
-76.0000000021 27.7019 66.3746 45.9897 63.532 59.0586 24.8035 13.0549 10.8898
-75.0000000021 28.5066 67.6518 46.7091 64.2524 59.4838 24.8456 13.0707 10.8974
-74.0000000021 29.3189 68.806 47.3479 64.9193 59.85 24.8405 13.0561 10.8816
-73.0000000021 30.0587 69.9077 47.9661 65.5996 60.2179 24.8405 13.0456 10.8722
-72.0000000021 30.7396 70.9669 48.5676 66.2909 60.587 24.8445 13.0382 10.868
-71.0000000021 31.425 72.0317 49.1725 66.9848 60.9577 24.8485 13.0307 10.8638
-70.0000000021 32.1151 73.1022 49.7808 67.6814 61.3298 24.8524 13.0229 10.8595
-69.0000000021 32.8098 74.1788 50.3925 68.3808 61.7034 24.8561 13.015 10.8551
-68.0000000021 33.5093 75.2614 51.0078 69.0832 62.0787 24.8598 13.0068 10.8507
-67.0000000021 34.2138 76.3504 51.6269 69.7887 62.4557 24.8634 12.9985 10.8462
-66.0000000021 34.9233 77.4459 52.2497 70.4974 62.8344 24.8669 12.99 10.8415
-65.0000000021 35.638 78.5481 52.8765 71.2093 63.2149 24.8703 12.9813 10.8368
-64.0000000021 36.358 79.6572 53.5072 71.9248 63.5972 24.8737 12.9723 10.832
-63.0000000021 37.0833 80.7733 54.1422 72.6437 63.9815 24.8769 12.9632 10.8271
-62.0000000021 37.8143 81.8967 54.7813 73.3664 64.3678 24.8801 12.9539 10.8222
-61.0000000021 38.5509 83.0276 55.4248 74.093 64.7562 24.8832 12.9443 10.8171
-60.0000000021 39.2934 84.1661 56.0728 74.8234 65.1468 24.8862 12.9346 10.812
-59.0000000021 40.0419 85.3127 56.7254 75.558 65.5396 24.8891 12.9246 10.8067
-58.0000000021 40.8138 86.337 57.3565 76.2182 65.8902 24.8801 12.9081 10.802
-57.0000000021 41.5946 87.328 57.9829 76.8575 66.2291 24.8675 12.8896 10.7974
-56.0000000021 42.379 88.3243 58.612 77.4992 66.5692 24.8548 12.871 10.7926
-55.0000000021 43.1673 89.3258 59.244 78.1432 66.9107 24.8421 12.8522 10.7878
-54.0000000021 43.9595 90.3329 59.8791 78.7899 67.2535 24.8294 12.8333 10.783
-53.0000000021 44.7557 91.3457 60.5173 79.4392 67.5979 24.8167 12.8142 10.778
-52.0000000021 45.5563 92.3644 61.1588 80.0913 67.9438 24.8039 12.7949 10.773
-51.0000000021 46.3612 93.3893 61.8037 80.7463 68.2913 24.7911 12.7755 10.7678
-50.0000000021 47.1095 94.2858 62.343 81.3384 68.5543 24.7709 12.7733 10.7724
-49.0000000021 47.8351 95.1301 62.8388 81.9046 68.7821 24.7477 12.7783 10.7811
-48.0000000021 48.5628 95.9767 63.3353 82.4716 69.0097 24.7243 12.7835 10.7898
-47.0000000021 49.2927 96.8259 63.8326 83.0396 69.2371 24.7009 12.7887 10.7985
-46.0000000021 50.0248 97.6777 64.3307 83.6085 69.4644 24.6773 12.7941 10.8074
-45.0000000021 50.7593 98.5321 64.8297 84.1784 69.6915 24.6536 12.7996 10.8163
-44.0000000021 51.4963 99.3895 65.3298 84.7494 69.9186 24.6297 12.8052 10.8252
-43.0000000021 52.2359 100.25 65.8309 85.3217 70.1456 24.6057 12.8109 10.8343
-42.0000000021 52.9783 101.113 66.3331 85.8954 70.3726 24.5816 12.8167 10.8434
-41.0000000021 53.6358 101.847 66.7801 86.3535 70.5376 24.571 12.8102 10.8409
-40.0000000021 54.2199 102.47 67.1791 86.7122 70.6494 24.5719 12.7932 10.8286
-39.0000000021 54.8058 103.094 67.5785 87.0722 70.7613 24.5726 12.7765 10.8165
-38.0000000021 55.3935 103.722 67.9786 87.4334 70.8734 24.5731 12.76 10.8045
-37.0000000021 55.9833 104.351 68.3791 87.7959 70.9857 24.5733 12.7438 10.7928
-36.0000000021 56.5752 104.984 68.7805 88.1598 71.0981 24.5733 12.7278 10.7812
-35.0000000021 57.1693 105.62 69.1826 88.5252 71.2107 24.573 12.712 10.7698
-34.0000000021 57.7656 106.258 69.5855 88.8921 71.3237 24.5725 12.6965 10.7586
-33.0000000021 58.3644 106.9 69.9894 89.2606 71.4368 24.5718 12.6812 10.7475
-32.0000000021 58.9657 107.545 70.3942 89.6307 71.5503 24.5708 12.6661 10.7366
-31.0000000021 59.4945 108.082 70.7593 89.9046 71.6422 24.5673 12.6457 10.724
-30.0000000021 59.9995 108.584 71.1108 90.1464 71.7269 24.5627 12.6236 10.7108
-29.0000000021 60.5051 109.087 71.4621 90.3884 71.8114 24.5579 12.6018 10.6979
-28.0000000021 61.0115 109.592 71.8134 90.6306 71.8959 24.5528 12.5802 10.6851
-27.0000000021 61.5188 110.097 72.1646 90.8731 71.9803 24.5475 12.5588 10.6726
-26.0000000021 62.0271 110.604 72.5158 91.1158 72.0646 24.5419 12.5377 10.6601
-25.0000000021 62.5364 111.113 72.8671 91.359 72.1488 24.5361 12.5167 10.6479
-24.0000000021 63.0468 111.622 73.2185 91.6025 72.2329 24.53 12.4959 10.6358
-23.0000000021 63.5584 112.134 73.57 91.8465 72.317 24.5237 12.4754 10.624
-22.0000000021 63.9289 112.594 73.7317 92.0761 72.4101 24.4507 12.5025 10.6323
-21.0000000021 64.3002 113.055 73.8939 92.3056 72.5029 24.3779 12.5295 10.6406
-20.0000000021 64.6729 113.517 74.0572 92.5352 72.5953 24.3055 12.5563 10.649
-19.0000000021 65.0471 113.979 74.2217 92.7648 72.6874 24.2334 12.583 10.6574
-18.0000000021 65.4228 114.443 74.3876 92.9945 72.7793 24.1617 12.6094 10.6658
-17.0000000021 65.8001 114.908 74.5547 93.2243 72.8709 24.0904 12.6357 10.6742
-16.0000000021 66.1791 115.375 74.7231 93.4544 72.9622 24.0194 12.6617 10.6827
-15.0000000021 66.5599 115.842 74.8929 93.6846 73.0533 23.9487 12.6876 10.6911
-14.0000000021 66.834 116.093 74.9782 93.8202 73.122 23.9291 12.7034 10.7037
-13.0000000021 67.0106 116.145 74.9865 93.8694 73.1701 23.9561 12.71 10.72
-12.0000000021 67.1875 116.197 74.9952 93.9178 73.2177 23.9838 12.7163 10.7364
-11.0000000021 67.3648 116.248 75.0043 93.9654 73.2648 24.0124 12.7223 10.7527
-10.0000000021 67.5424 116.297 75.0141 94.0121 73.3113 24.0418 12.728 10.7691
-9.00000000214 67.7203 116.346 75.0242 94.058 73.3572 24.0719 12.7334 10.7856
-8.00000000214 67.8987 116.393 75.0348 94.103 73.4027 24.1029 12.7386 10.8021
-7.00000000214 68.0775 116.44 75.0458 94.1472 73.4476 24.1347 12.7434 10.8186
-6.00000000214 68.2569 116.485 75.0573 94.1908 73.4921 24.1674 12.748 10.8351
-5.00000000214 68.4367 116.53 75.0693 94.2334 73.5359 24.2008 12.7522 10.8517
-4.00000000214 68.617 116.574 75.0817 94.2752 73.5794 24.2351 12.7562 10.8684
-3.00000000214 68.7877 116.612 75.0949 94.3135 73.6189 24.2711 12.7583 10.8844
-2.00000000214 68.7864 116.575 75.1133 94.3037 73.6009 24.3214 12.7329 10.8895
-1.00000000214 68.7874 116.537 75.1322 94.2936 73.583 24.3724 12.7075 10.8948
-2.13594830711e-09 68.655 116.548 75.1409 94.3194 73.5357 24.3789 12.6899 10.887
0.999999997864 68.4313 116.591 75.1426 94.3699 73.4682 24.3547 12.6778 10.8704
1.99999999786 68.209 116.635 75.1447 94.4205 73.4006 24.3306 12.6658 10.8538
2.99999999786 67.9877 116.68 75.1469 94.471 73.333 24.3068 12.6539 10.8373
3.99999999786 67.7677 116.724 75.1494 94.5216 73.2653 24.2831 12.6422 10.8208
4.99999999786 67.5488 116.769 75.1523 94.572 73.1974 24.2595 12.6306 10.8043
5.99999999786 67.331 116.814 75.1554 94.6225 73.1295 24.2361 12.6191 10.7878
6.99999999786 67.1142 116.859 75.1587 94.673 73.0613 24.2128 12.6077 10.7714
7.99999999786 66.8983 116.905 75.1624 94.7234 72.9931 24.1897 12.5965 10.755
8.99999999786 66.6835 116.951 75.1663 94.774 72.9247 24.1666 12.5854 10.7386
9.99999999786 66.4696 116.997 75.1704 94.8245 72.8562 24.1438 12.5745 10.7222
10.9999999979 66.2566 117.043 75.1748 94.8751 72.7874 24.121 12.5636 10.7058
11.9999999979 66.0444 117.09 75.1796 94.9258 72.7185 24.0984 12.5529 10.6894
12.9999999979 65.8208 117.071 75.1579 94.9221 72.6637 24.0772 12.5514 10.6827
13.9999999979 65.5689 116.892 75.0724 94.7872 72.6436 24.0592 12.5722 10.6993
14.9999999979 65.3186 116.715 74.9879 94.6541 72.6229 24.0414 12.5928 10.7156
15.9999999979 65.0697 116.541 74.9045 94.5224 72.6018 24.0237 12.6133 10.7317
16.9999999979 64.697 116.021 74.6519 94.2395 72.5697 24.0218 12.6178 10.7437
17.9999999979 64.3159 115.474 74.386 93.9456 72.5364 24.0213 12.6207 10.755
18.9999999979 63.9365 114.929 74.1209 93.6532 72.5026 24.0211 12.6234 10.766
19.9999999979 63.5587 114.385 73.8564 93.362 72.4682 24.021 12.6259 10.7768
20.9999999979 63.1825 113.842 73.5925 93.0722 72.4334 24.0212 12.6281 10.7872
21.9999999979 62.8078 113.301 73.3291 92.7835 72.398 24.0216 12.6301 10.7973
22.9999999979 62.4344 112.761 73.0662 92.4959 72.3621 24.0222 12.6318 10.8072
23.9999999979 62.0624 112.221 72.8038 92.2095 72.3257 24.023 12.6333 10.8167
24.9999999979 61.6916 111.683 72.5417 91.9242 72.2888 24.024 12.6346 10.826
25.9999999979 61.3221 111.145 72.2799 91.6398 72.2513 24.0253 12.6357 10.8349
26.9999999979 60.9537 110.608 72.0183 91.3564 72.2132 24.0267 12.6365 10.8436
27.9999999979 60.5863 110.072 71.7571 91.0738 72.1746 24.0284 12.6371 10.852
28.9999999979 60.2199 109.535 71.496 90.7921 72.1354 24.0302 12.6374 10.8601
29.9999999979 59.8544 109.0 71.235 90.5112 72.0957 24.0323 12.6376 10.8679
30.9999999979 59.4897 108.464 70.9741 90.231 72.0554 24.0346 12.6374 10.8754
31.9999999979 59.1259 107.929 70.7133 89.9515 72.0144 24.0371 12.6371 10.8827
32.9999999979 58.6646 107.321 70.3809 89.6667 71.8929 24.0386 12.6302 10.8757
33.9999999979 58.0257 106.559 69.9678 89.2941 71.7023 24.0614 12.6226 10.8535
34.9999999979 57.3343 105.738 69.5247 88.9024 71.5016 24.0738 12.6181 10.8359
35.9999999979 56.6363 104.907 69.0782 88.5085 71.3003 24.0843 12.6143 10.8192
36.9999999979 55.9407 104.079 68.6335 88.1157 71.1002 24.0947 12.6105 10.8027
37.9999999979 55.2473 103.252 68.1905 87.7239 70.9013 24.1048 12.6068 10.7865
38.9999999979 54.556 102.426 67.7491 87.333 70.7035 24.1148 12.6032 10.7706
39.9999999979 53.8667 101.602 67.3091 86.9431 70.5068 24.1245 12.5998 10.7549
40.9999999979 53.1793 100.778 66.8707 86.5539 70.3112 24.1341 12.5964 10.7394
41.9999999979 52.4937 99.9559 66.4336 86.1655 70.1167 24.1436 12.5931 10.7242
42.9999999979 51.8098 99.1344 65.9979 85.7779 69.9232 24.1528 12.59 10.7092
43.9999999979 51.1274 98.3137 65.5634 85.3907 69.7307 24.1618 12.5869 10.6944
44.9999999979 50.4466 97.4935 65.1301 85.0043 69.5391 24.1707 12.584 10.6799
45.9999999979 49.7671 96.6739 64.6979 84.6183 69.3485 24.1794 12.5811 10.6655
46.9999999979 49.0889 95.8547 64.2669 84.2328 69.1588 24.188 12.5783 10.6515
47.9999999979 48.4118 95.0356 63.8367 83.8478 68.9699 24.1963 12.5757 10.6376
48.9999999979 47.7358 94.2167 63.4076 83.4629 68.7819 24.2045 12.5731 10.6239
49.9999999979 46.9482 93.2991 62.7487 82.8252 68.4808 24.2071 12.5294 10.5994
50.9999999979 46.1607 92.3814 62.0863 82.1826 68.1783 24.2094 12.4849 10.5749
51.9999999979 45.3762 91.4662 61.4261 81.5415 67.8772 24.2115 12.4404 10.5506
52.9999999979 44.5944 90.5532 60.7679 80.9017 67.5774 24.2134 12.3961 10.5266
53.9999999979 43.8154 89.6423 60.1117 80.2632 67.2788 24.215 12.3518 10.5029
54.9999999979 43.039 88.7334 59.4573 79.6258 66.9816 24.2165 12.3077 10.4793
55.9999999979 42.265 87.8263 58.8047 78.9896 66.6855 24.2179 12.2636 10.4561
56.9999999979 41.4934 86.9209 58.1538 78.3543 66.3906 24.219 12.2196 10.4331
57.9999999979 40.7241 86.0171 57.5044 77.7199 66.0969 24.2199 12.1757 10.4103
58.9999999979 39.955 85.1048 56.8539 77.0826 65.8045 24.2188 12.1325 10.3882
59.9999999979 39.1542 84.0111 56.155 76.3784 65.5186 24.1841 12.1008 10.3744
60.9999999979 38.3573 82.9244 55.4597 75.6776 65.2341 24.15 12.0689 10.3607
61.9999999979 37.5643 81.8447 54.7678 74.9799 64.9509 24.1165 12.0369 10.3471
62.9999999979 36.775 80.7716 54.0792 74.2852 64.6689 24.0836 12.0047 10.3335
63.9999999979 35.9892 79.7051 53.3938 73.5934 64.3881 24.0513 11.9724 10.32
64.9999999979 35.2069 78.6447 52.7114 72.9044 64.1085 24.0197 11.9399 10.3066
65.9999999979 34.4457 77.5329 52.0168 72.1858 63.6776 23.9684 11.9404 10.3049
66.9999999979 33.6911 76.4279 51.3266 71.4707 63.2419 23.9169 11.9423 10.3039
67.9999999979 32.942 75.3323 50.6413 70.7603 62.8086 23.8661 11.9441 10.3029
68.9999999979 32.1983 74.2459 49.9609 70.0545 62.3773 23.8161 11.9458 10.302
69.9999999979 31.3896 72.9967 49.2525 69.3144 61.9654 23.7528 11.9753 10.2931
70.9999999979 30.5803 71.741 48.5466 68.5761 61.558 23.6888 12.0076 10.2836
71.9999999979 29.7764 70.4934 47.8461 67.8428 61.1534 23.6255 12.0401 10.274
72.9999999979 28.9778 69.2539 47.1507 67.1145 60.7518 23.5627 12.0728 10.2644
73.9999999979 28.1843 68.0222 46.4604 66.3908 60.3529 23.5005 12.1057 10.2547
74.9999999979 27.3958 66.7979 45.7749 65.6717 59.9568 23.4388 12.1389 10.245
75.9999999979 26.6121 65.581 45.0943 64.9572 59.5634 23.3777 12.1724 10.2352
76.9999999979 25.8332 64.3712 44.4183 64.247 59.1725 23.3171 12.2061 10.2254
77.9999999979 25.0589 63.1684 43.7469 63.5411 58.7841 23.257 12.2401 10.2156
78.9999999979 24.289 61.9723 43.0799 62.8394 58.3982 23.1974 12.2743 10.2057
79.9999999979 23.5235 60.7827 42.4173 62.1417 58.0147 23.1384 12.3089 10.1958
80.9999999979 22.7621 59.5995 41.7589 61.4478 57.6336 23.0798 12.3437 10.1858
81.9999999979 22.0905 58.356 41.0869 60.7462 57.2004 23.0031 12.312 10.1417
82.9999999979 21.4672 57.089 40.4118 60.0444 56.7436 22.9178 12.2476 10.0808
83.9999999979 20.8497 55.832 39.7429 59.3484 56.2906 22.8333 12.1838 10.0202
84.9999999979 20.2379 54.5848 39.0801 58.6583 55.8412 22.7496 12.1206 9.95964
85.9999999979 19.6316 53.3472 38.4232 57.9738 55.3954 22.6666 12.0579 9.89929
86.9999999979 19.0307 52.1189 37.7721 57.2948 54.9531 22.5843 11.9959 9.8391
87.9999999979 18.4352 50.8997 37.1267 56.6212 54.5142 22.5028 11.9344 9.77907
88.9999999979 17.8449 49.6895 36.4868 55.9529 54.0786 22.4219 11.8735 9.71917
89.9999999979 17.2597 48.4879 35.8524 55.2898 53.6463 22.3417 11.8131 9.6594
90.9999999979 16.6796 47.2948 35.2234 54.6317 53.2171 22.2622 11.7532 9.59975
91.9999999979 16.0532 46.0896 34.543 53.9441 52.7376 22.1845 11.6978 9.56096
92.9999999979 15.3912 44.8778 33.8228 53.2343 52.2184 22.1086 11.6462 9.53925
93.9999999979 14.7342 43.676 33.108 52.5299 51.7021 22.0335 11.5953 9.51812
94.9999999979 14.0822 42.4841 32.3984 51.8309 51.1886 21.9592 11.545 9.49756
95.9999999979 13.435 41.3019 31.694 51.1373 50.6778 21.8857 11.4955 9.47757
96.9999999979 12.7925 40.1292 30.9947 50.4488 50.1698 21.813 11.4466 9.45817
97.9999999979 12.2008 38.9726 30.2981 49.7514 49.6511 21.7313 11.3988 9.4381
98.9999999979 11.8405 37.8609 29.5974 48.9917 49.0708 21.6029 11.3532 9.41267
99.9999999979 11.4853 36.7619 28.9038 48.2397 48.4952 21.4757 11.3085 9.38791
100.999999998 11.1351 35.6754 28.2172 47.4953 47.9241 21.3499 11.2645 9.36381
101.999999998 10.7897 34.6012 27.5376 46.7582 47.3574 21.2254 11.2214 9.34037
102.999999998 10.4492 33.5391 26.8647 46.0285 46.795 21.1021 11.179 9.31758
103.999999998 10.1135 32.4889 26.1986 45.3059 46.2369 20.9801 11.1374 9.29545
104.999999998 9.78251 31.4504 25.5389 44.5903 45.683 20.8593 11.0966 9.27396
105.999999998 9.45617 30.4235 24.8858 43.8817 45.1331 20.7397 11.0565 9.25311
106.999999998 9.13443 29.408 24.2389 43.1798 44.5871 20.6213 11.0172 9.23291
107.999999998 8.81726 28.4037 23.5983 42.4846 44.045 20.504 10.9786 9.21334
108.999999998 8.50461 27.4104 22.9639 41.796 43.5067 20.3879 10.9408 9.1944
109.999999998 8.19643 26.4281 22.3355 41.1138 42.9721 20.2729 10.9037 9.1761
110.999999998 7.89268 25.4566 21.713 40.438 42.4411 20.159 10.8673 9.15843
111.999999998 7.54664 24.4781 21.1163 39.7642 41.9661 20.0508 10.8327 9.13639
112.999999998 7.16256 23.4959 20.545 39.0939 41.5441 19.948 10.7999 9.11039
113.999999998 6.79932 22.4783 19.9473 38.411 41.0971 19.8226 10.7495 9.0722
114.999999998 6.50557 21.2883 19.2255 37.6574 40.5363 19.6055 10.6279 8.98508
115.999999998 6.21643 20.1143 18.5135 36.9137 39.9831 19.3907 10.5078 8.89889
116.999999998 5.93187 18.9561 17.8113 36.1797 39.4374 19.1782 10.3889 8.81362
117.999999998 5.65181 17.8136 17.1188 35.4553 38.8992 18.9678 10.2714 8.72925
118.999999998 5.37622 16.6865 16.4359 34.7404 38.3684 18.7596 10.1552 8.64578
119.999999998 5.10507 15.5747 15.7624 34.0349 37.8448 18.5536 10.0403 8.56318
120.999999998 4.83829 14.478 15.0982 33.3386 37.3285 18.3497 9.92661 8.48145
121.999999998 4.58049 13.4127 14.4494 32.6563 36.8228 18.1467 9.81443 8.40034
122.999999998 4.3577 12.4708 13.8499 32.0157 36.3481 17.9384 9.7051 8.31855
123.999999998 4.13689 11.5356 13.2568 31.3817 35.8788 17.7328 9.59693 8.23776
124.999999998 3.91803 10.6069 12.6697 30.7545 35.4148 17.5299 9.48989 8.15795
125.999999998 3.70108 9.6845 12.0887 30.1338 34.956 17.3297 9.38396 8.07911
126.999999998 3.48598 8.76818 11.5136 29.5195 34.5024 17.132 9.27912 8.00123
127.999999998 3.27272 7.85779 10.9444 28.9116 34.0537 16.937 9.17535 7.92428
128.999999998 3.06123 6.95318 10.3809 28.3098 33.6101 16.7445 9.07263 7.84826
129.999999998 2.8515 6.05417 9.82295 27.7142 33.1713 16.5545 8.97095 7.77316
130.999999998 2.64666 5.17477 9.27912 27.1326 32.7437 16.3709 8.87242 7.70052
131.999999998 2.63251 5.14013 9.24746 27.0336 32.703 16.4177 8.90104 7.72168
132.999999998 2.58544 5.05101 9.07475 26.758 32.5158 16.3885 8.89908 7.71708
133.999999998 2.51976 4.9312 8.8221 26.3825 32.2455 16.3158 8.87957 7.69772
134.999999998 2.45476 4.81273 8.57182 26.0101 31.9774 16.2438 8.86013 7.67856
135.999999998 2.39043 4.69557 8.32387 25.6407 31.7116 16.1725 8.84078 7.65958
136.999999998 2.32674 4.5797 8.07818 25.2743 31.4479 16.1018 8.82149 7.64078
137.999999998 2.2637 4.46508 7.83471 24.9107 31.1863 16.0317 8.80228 7.62216
138.999999998 2.20127 4.3517 7.5934 24.55 30.9267 15.9623 8.78313 7.60371
139.999999998 2.13946 4.23953 7.35422 24.1919 30.6691 15.8934 8.76405 7.58543
140.999999998 2.07824 4.12855 7.1171 23.8365 30.4134 15.8252 8.74503 7.56731
141.999999998 2.01761 4.01873 6.88201 23.4836 30.1596 15.7575 8.72605 7.54935
142.999999998 1.95755 3.91007 6.64889 23.1333 29.9076 15.6904 8.70713 7.53156
143.999999998 1.89806 3.80253 6.41772 22.7854 29.6574 15.6238 8.68826 7.51392
144.999999998 1.83912 3.69609 6.18843 22.4399 29.409 15.5578 8.66944 7.49642
145.999999998 1.78073 3.59075 5.961 22.0967 29.1622 15.4923 8.65065 7.47908
146.999999998 1.72286 3.48648 5.73539 21.7557 28.9171 15.4274 8.6319 7.46188
147.999999998 1.66552 3.38326 5.51155 21.417 28.6735 15.3629 8.61319 7.44483
148.999999998 1.61694 3.29585 5.3243 20.9977 28.3285 15.2432 8.5651 7.41123
149.999999998 1.5864 3.24087 5.21291 20.4059 27.7671 15.006 8.45474 7.34242
150.999999998 1.57264 3.20786 5.15691 20.1408 27.5472 14.9192 8.43896 7.33222
151.999999998 1.57199 3.19208 5.14413 20.1299 27.5929 14.9495 8.49652 7.36748
152.999999998 1.57186 3.17734 5.13302 20.1267 27.6461 14.9831 8.55554 7.40374
153.999999998 1.57226 3.16364 5.12357 20.1312 27.7068 15.0199 8.61605 7.44101
154.999999998 1.57318 3.15097 5.11579 20.1434 27.7749 15.06 8.67805 7.47929
155.999999998 1.57463 3.13933 5.10966 20.1633 27.8506 15.1034 8.74155 7.51858
156.999999998 1.57661 3.12871 5.10518 20.1909 27.9337 15.1501 8.80655 7.55891
157.999999998 1.57911 3.11911 5.10235 20.2262 28.0244 15.2 8.87309 7.60026
158.999999998 1.58848 3.12827 5.12885 20.258 28.0962 15.2353 8.93334 7.63691
159.999999998 1.60648 3.16109 5.19237 20.2834 28.142 15.251 8.98512 7.66723
160.999999998 1.62569 3.19688 5.26057 20.3152 28.1923 15.2679 9.03754 7.69795
161.999999998 1.64613 3.23564 5.33345 20.3535 28.2472 15.2862 9.09062 7.72907
162.999999998 1.66779 3.27737 5.41104 20.3982 28.3068 15.3057 9.14436 7.76058
163.999999998 1.69069 3.32209 5.49335 20.4494 28.3709 15.3266 9.19876 7.79249
164.999999998 1.71481 3.36981 5.5804 20.507 28.4397 15.3488 9.25385 7.82481
165.999999998 1.74017 3.42053 5.67219 20.5712 28.5131 15.3723 9.30962 7.85754
166.999999998 1.76678 3.47427 5.76877 20.6419 28.5911 15.3972 9.36609 7.8907
167.999999998 1.75501 3.44006 5.72231 20.5702 28.5562 15.3954 9.36639 7.88783
168.999999998 1.70257 3.31266 5.52426 20.3475 28.4014 15.3652 9.30721 7.84681
169.999999998 1.65126 3.18806 5.33058 20.1311 28.251 15.3363 9.24851 7.80609
170.999999998 1.60108 3.06621 5.14124 19.9208 28.1049 15.3086 9.19028 7.76564
171.999999998 1.55201 2.94711 4.95621 19.7166 27.963 15.2821 9.1325 7.72547
172.999999998 1.53968 2.92506 4.92032 19.6127 27.8467 15.2255 9.06214 7.67994
173.999999998 1.53313 2.91808 4.90767 19.5273 27.7375 15.166 8.99064 7.63401
174.999999998 1.52688 2.91168 4.896 19.446 27.6323 15.1085 8.92 7.58855
175.999999998 1.52093 2.90586 4.88531 19.3687 27.5309 15.0531 8.85019 7.54355
176.999999998 1.51529 2.90061 4.87559 19.2954 27.4335 14.9997 8.78122 7.49899
177.999999998 1.50994 2.89593 4.86684 19.2261 27.3398 14.9482 8.71306 7.45489
178.999999998 1.50488 2.89182 4.85906 19.1608 27.2501 14.8987 8.6457 7.41121
179.999999998 1.50013 2.88829 4.85224 19.0994 27.1641 14.8512 8.57913 7.36796
