-180.0   5.82763598296
-178.0   5.72673192319
-176.0   5.68195260038
-174.0   5.68613800367
-172.0   5.73212812222
-170.0   5.81276294517
-168.0   5.92088246169
-166.0   6.04932666092
-164.0   6.19093553203
-162.0   6.33854906415
-160.0   6.48500724645
-158.0   6.62315006808
-156.0   6.74581751818
-154.0   6.84584958592
-152.0   6.91608626045
-150.0   6.94936753092
-148.0   6.94039226038
-146.0   6.89129480751
-144.0   6.80606840487
-142.0   6.68870628502
-140.0   6.54320168055
-138.0   6.37354782401
-136.0   6.18373794798
-134.0   5.97776528502
-132.0   5.75962306771
-130.0   5.53330452861
-128.0   5.30302265386
-126.0   5.07386944383
-124.0   4.85115665248
-122.0   4.64019603376
-120.0   4.4462993416
-118.0   4.27477832996
-116.0   4.13094475277
-114.0   4.020110364
-112.0   3.94758691758
-110.0   3.91868616747
-108.0   3.93304892939
-106.0   3.96763226622
-104.0   3.99372230263
-102.0   3.98260516327
-100.0   3.90556697282
-98.0   3.75020251253
-96.0   3.56934119005
-94.0   3.4321210696
-92.0   3.40768021544
-90.0   3.56515669179
-88.0   3.9514694925
-86.0   4.52466132981
-84.0   5.22055584555
-82.0   5.97497668156
-80.0   6.72374747969
-78.0   7.41350336276
-76.0   8.0341253776
-74.0   8.58630605202
-72.0   9.07073791382
-70.0   9.48811349083
-68.0   9.84061315123
-66.0   10.1363686247
-64.0   10.3849994814
-62.0   10.5961252912
-60.0   10.7793656244
-58.0   10.9429413592
-56.0   11.0894786072
-54.0   11.2202047881
-52.0   11.3363473219
-50.0   11.4391336283
-48.0   11.5297911271
-46.0   11.6095472381
-44.0   11.6796293812
-42.0   11.7412649762
-40.0   11.7956814428
-38.0   11.8439588632
-36.0   11.8865879689
-34.0   11.9239121537
-32.0   11.9562748113
-30.0   11.9840193355
-28.0   12.0074891201
-26.0   12.0270275589
-24.0   12.0429780456
-22.0   12.0556839741
-20.0   12.0654887382
-18.0   12.0727357315
-16.0   12.077768348
-14.0   12.0809299814
-12.0   12.0825640254
-10.0   12.0830138739
-8.0   12.0826229206
-6.0   12.0817345593
-4.0   12.0806921839
-2.0   12.079839188
0.0   12.0795189655
2.0   12.079839188
4.0   12.0806921839
6.0   12.0817345593
8.0   12.0826229206
10.0   12.0830138739
12.0   12.0825640254
14.0   12.0809299814
16.0   12.077768348
18.0   12.0727357315
20.0   12.0654887382
22.0   12.0556839741
24.0   12.0429780456
26.0   12.0270275589
28.0   12.0074891201
30.0   11.9840193355
32.0   11.9562748113
34.0   11.9239121537
36.0   11.8865879689
38.0   11.8439588632
40.0   11.7956814428
42.0   11.7412649762
44.0   11.6796293812
46.0   11.6095472381
48.0   11.5297911271
50.0   11.4391336283
52.0   11.3363473219
54.0   11.2202047881
56.0   11.0894786072
58.0   10.9429413592
60.0   10.7793656244
62.0   10.5961252912
64.0   10.3849994814
66.0   10.1363686247
68.0   9.84061315123
70.0   9.48811349083
72.0   9.07073791382
74.0   8.58630605202
76.0   8.0341253776
78.0   7.41350336276
80.0   6.72374747969
82.0   5.97497668156
84.0   5.22055584555
86.0   4.52466132981
88.0   3.9514694925
90.0   3.56515669179
92.0   3.40768021544
94.0   3.4321210696
96.0   3.56934119005
98.0   3.75020251253
100.0   3.90556697282
102.0   3.98260516327
104.0   3.99372230263
106.0   3.96763226622
108.0   3.93304892939
110.0   3.91868616747
112.0   3.94758691758
114.0   4.020110364
116.0   4.13094475277
118.0   4.27477832996
120.0   4.4462993416
122.0   4.64019603376
124.0   4.85115665248
126.0   5.07386944383
128.0   5.30302265386
130.0   5.53330452861
132.0   5.75962306771
134.0   5.97776528502
136.0   6.18373794798
138.0   6.37354782401
140.0   6.54320168055
142.0   6.68870628502
144.0   6.80606840487
146.0   6.89129480751
148.0   6.94039226038
150.0   6.94936753092
152.0   6.91608626045
154.0   6.84584958592
156.0   6.74581751818
158.0   6.62315006808
160.0   6.48500724645
162.0   6.33854906415
164.0   6.19093553203
166.0   6.04932666092
168.0   5.92088246169
170.0   5.81276294517
172.0   5.73212812222
174.0   5.68613800367
176.0   5.68195260038
178.0   5.72673192319
180.0   5.82763598296
